RA5809201	;	10	;	742,9723994	;	16	;	0
RA5809208	;	12	;	742,9723994	;	16	;	0
RA5809206	;	12	;	742,9723994	;	16	;	0
RA5809207	;	12	;	742,9723994	;	16	;	0
RA5809209	;	10	;	742,9723994	;	16	;	0
RA5809708	;	18	;	914,4275685	;	16	;	0
RA5809703	;	18	;	914,4275685	;	16	;	0
RA5809707	;	13	;	914,4275685	;	16	;	0
RA5809709	;	18	;	914,4275685	;	16	;	0
RA5812751	;	24	;	642,9568841	;	16	;	0
RA5812753	;	24	;	642,9568841	;	16	;	0
RA5809652	;	7	;	885,8517069	;	16	;	0
RA5809656	;	24	;	885,8517069	;	16	;	0
RA5800608	;	18	;	914,4275685	;	16	;	0
RA5800610	;	9	;	914,4275685	;	16	;	0
RA5800664	;	10	;	957,2913607	;	16	;	0
RA5800663	;	10	;	957,2913607	;	16	;	0
RA5800658	;	7	;	957,2913607	;	16	;	0
RA5800660	;	9	;	957,2913607	;	16	;	0
RA5800654	;	20	;	957,2913607	;	16	;	0
RA5800510	;	30	;	1028,731015	;	16	;	0
RA5800506	;	25	;	1028,731015	;	16	;	0
RA5800508	;	30	;	1028,731015	;	16	;	0
RA5800701	;	17	;	1028,731015	;	16	;	0
RA5800513	;	10	;	1028,731015	;	16	;	0
RA5800503	;	24	;	1028,731015	;	16	;	0
RA5802251	;	10	;	957,2913607	;	16	;	0
RA5802137	;	14	;	957,2913607	;	16	;	0
RA5802154	;	9	;	957,2913607	;	16	;	0
RA0110006	;	320	;	200,0310306	;	16	;	0
ST3911400	;	20	;	638,6705048	;	16	;	0
ST3911401	;	20	;	638,6705048	;	16	;	0
ST3911402	;	20	;	638,6705048	;	16	;	0
ST3911403	;	20	;	638,6705048	;	16	;	0
ST3911404	;	20	;	638,6705048	;	16	;	0
ST3911407	;	20	;	638,6705048	;	16	;	0
ST5500508	;	40	;	610,0946433	;	16	;	0
ST5500557	;	40	;	457,2137842	;	16	;	0
TXCEWME75	;	20	;	228,6068921	;	16	;	0
WI2412121	;	40	;	542,9413688	;	16	;	0
WI2412122	;	40	;	542,9413688	;	16	;	0
WI2412123	;	15	;	542,9413688	;	16	;	0
RG3908305	;	100	;	182,8855137	;	16	;	0
RG3908005	;	100	;	182,8855137	;	16	;	0
RG3908105	;	60	;	182,8855137	;	16	;	0
RG3908115	;	60	;	182,8855137	;	16	;	0
RG3908545	;	100	;	182,8855137	;	16	;	0
RG3908205	;	60	;	182,8855137	;	16	;	0
RG3901025	;	20	;	185,7430998	;	16	;	0
RG3901225	;	20	;	185,7430998	;	16	;	0
RG3901135	;	20	;	185,7430998	;	16	;	0
RG3901645	;	20	;	185,7430998	;	16	;	0
RG3901305	;	20	;	185,7430998	;	16	;	0
RG3905305	;	30	;	148,5944799	;	16	;	0
RG3905205	;	30	;	148,5944799	;	16	;	0
RG3905105	;	30	;	148,5944799	;	16	;	0
RG3905115	;	30	;	148,5944799	;	16	;	0
RG3905545	;	30	;	148,5944799	;	16	;	0
RG3903305	;	30	;	127,1625837	;	16	;	0
RG3903205	;	30	;	127,1625837	;	16	;	0
RG3903105	;	30	;	127,1625837	;	16	;	0
RG3903115	;	30	;	127,1625837	;	16	;	0
RG3903545	;	30	;	127,1625837	;	16	;	0
RG3908302	;	40	;	147,1656868	;	16	;	0
RG3908920	;	40	;	147,1656868	;	16	;	0
RG3980231	;	20	;	435,7818881	;	16	;	0
RG3980233	;	20	;	435,7818881	;	16	;	0
RG3980230	;	20	;	435,7818881	;	16	;	0
RG3930107	;	150	;	182,8855137	;	16	;	0
RG4411830	;	200	;	180,0279275	;	16	;	0
RG4410301	;	300	;	134,3065491	;	16	;	0
RG4411010	;	100	;	111,4458599	;	16	;	0
RG4410502	;	200	;	102,8731015	;	16	;	0
RG4410510	;	200	;	102,8731015	;	16	;	0
RG4410520	;	200	;	102,8731015	;	16	;	0
RG4410710	;	200	;	131,448963	;	16	;	0
RG4410720	;	200	;	131,448963	;	16	;	0
RG4410730	;	200	;	131,448963	;	16	;	0
RG4440530	;	200	;	111,4458599	;	16	;	0
RG4440520	;	200	;	111,4458599	;	16	;	0
RG4440510	;	200	;	111,4458599	;	16	;	0
RG4440502	;	200	;	111,4458599	;	16	;	0
WI7300999	;	20	;	297,1889597	;	16	;	0
RG0330654	;	100	;	55,72292995	;	16	;	0
RG0330655	;	100	;	78,58361916	;	16	;	0
RG2380502	;	98	;	110,0170668	;	16	;	0
RG4100106	;	10	;	1154,464805	;	16	;	0
RG4100107	;	10	;	1154,464805	;	16	;	0
RG4100108	;	10	;	1203,04377	;	16	;	0
RG0300290	;	186	;	165,7399968	;	16	;	0
RG0300012	;	30	;	108,5882738	;	16	;	0
PP64Y27536	;	4	;	2700,418913	;	16	;	0
PP64Y45543	;	6	;	5200,806796	;	16	;	0
SH17A10066	;	60	;	707,2525725	;	16	;	0
EXG10000FC	;	20	;	6943,934348	;	16	;	0
NEX10000FC	;	20	;	5079,359384	;	16	;	0
ALV4000FC	;	20	;	2057,462029	;	16	;	0
ALV10000FA	;	20	;	3600,558551	;	16	;	0
HL4000FB	;	20	;	1350,209457	;	16	;	0
HL6000FB	;	20	;	2636,123225	;	16	;	0
SP18000FB	;	8	;	13244,91181	;	16	;	0
BR183XHS	;	2	;	30797,63475	;	16	;	0
ALX8000XSA	;	10	;	6108,090399	;	16	;	0
BM7000XSA	;	10	;	4822,176631	;	16	;	0
RH5800502	;	22	;	1015,871877	;	16	;	0
RH5800505	;	30	;	1015,871877	;	16	;	0
RH5800509	;	30	;	1015,871877	;	16	;	0
RH5800504	;	24	;	1015,871877	;	16	;	0
RA5802160	;	18	;	1043,018945	;	16	;	0
RA5802185	;	24	;	1043,018945	;	16	;	0
RA5802280	;	21	;	1043,018945	;	16	;	0
RA5808029	;	10	;	411,4924058	;	16	;	0
RA5808057	;	7	;	411,4924058	;	16	;	0
RA5808006	;	12	;	411,4924058	;	16	;	0
RA5812400	;	12	;	392,9180958	;	16	;	0
RA5812401	;	12	;	392,9180958	;	16	;	0
RA5812402	;	12	;	392,9180958	;	16	;	0
RA5812403	;	12	;	392,9180958	;	16	;	0
RA5812404	;	12	;	392,9180958	;	16	;	0
RA5812405	;	12	;	392,9180958	;	16	;	0
RA5812406	;	12	;	392,9180958	;	16	;	0
RA5812407	;	12	;	392,9180958	;	16	;	0
RA5812426	;	12	;	392,9180958	;	16	;	0
RA5812427	;	12	;	392,9180958	;	16	;	0
RA5812428	;	12	;	392,9180958	;	16	;	0
RA5812429	;	12	;	392,9180958	;	16	;	0
RA5812430	;	12	;	392,9180958	;	16	;	0
RA5812431	;	6	;	392,9180958	;	16	;	0
RA5812432	;	12	;	392,9180958	;	16	;	0
RA5810450	;	12	;	465,7865427	;	16	;	0
RA5810451	;	6	;	465,7865427	;	16	;	0
RA5810452	;	12	;	465,7865427	;	16	;	0
RA5810453	;	8	;	465,7865427	;	16	;	0
RA5810454	;	12	;	465,7865427	;	16	;	0
RA5810455	;	12	;	465,7865427	;	16	;	0
RA0100172	;	20	;	1250,193941	;	16	;	0
